5
5
4
3
4
5
6
5
4
4
4
4
5
5
5
5
5
4
4
4
4
4
5
5
4
3
3
3
3
4
4
3
2
2
2
2
4
3
2
2
3
2
1
1
1
1
2
0
0
0
1
1
0
-1
-1
-1
0
1
1
0
-2
-2
-2
-1
0
0
-1
-2
-3
-3
-2
-2
-2
-1
-1
-1
-1
-2
-3
-3
-3
-4
-3
-2
-1
-2
-4
-4
-4
-4
-3
-2
-2
-2
-2
-2
-3
-3
-2
-3
-4
-3
-1
-1
-2
-3
-4
-3
-2
-1
-2
-2
-3
-4
-3
-1
0
-1
-1
-2
-2
-1
0
-1
-2
-1
0
1
0
-1
-2
-1
0
1
1
0
0
-1
-2
0
1
1
1
1
1
0
1
1
1
0
0
0
0
0
1
1
0
0
0
-2
-2
-1
1
0
-2
-2
-2
-2
-1
-1
-2
-4
-3
-2
-3
-5
-5
-4
-4
-4
-5
-5
-6
-6
-6
-7
-7
-8
-8
-9
-9
-9
-10
-11
-12
-13
-13
-11
-11
-13
-16
-18
-18
-16
-15
-17
-19
-20
-19
-19
-21
-23
-24
-25
-26
-26
-27
-28
-30
-32
-34
-36
-36
-35
-37
-42
-45
-46
-47
-47
-48
-51
-54
-56
-57
-58
-61
-64
-67
-68
-67
-68
-69
-70
-71
-70
-70
-70
-68
-66
-65
-64
-61
-56
-53
-51
-49
-46
-42
-37
-34
-31
-28
-24
-20
-17
-13
-8
-4
-1
1
6
11
15
17
19
21
24
27
31
33
34
35
38
39
40
42
43
44
44
44
45
47
47
47
47
46
48
48
47
47
47
47
46
46
47
46
45
45
47
47
46
46
45
43
43
45
47
45
44
44
46
46
46
45
44
43
44
46
46
44
42
42
42
41
41
42
41
39
39
40
41
39
38
37
37
37
38
38
38
37
37
36
35
35
36
36
34
34
34
34
33
33
33
33
31
29
29
30
30
29
26
25
25
26
25
23
23
23
22
21
22
21
20
19
19
19
19
19
19
18
17
17
16
16
15
16
15
12
12
13
12
11
12
13
12
9
8
9
12
11
10
9
9
10
9
9
9
9
8
7
8
6
6
6
6
5
3
3
2
2
3
4
4
2
1
2
3
5
4
2
1
1
1
3
3
2
0
0
1
1
0
0
0
-1
-2
-1
-1
0
-2
-3
-3
-1
-2
-3
-4
-4
-3
-3
-3
-4
-4
-3
-4
-5
-5
-6
-5
-6
-7
-8
-7
-6
-6
-8
-10
-8
-7
-8
-9
-10
-10
-8
-8
-9
-10
-10
-11
-11
-10
-9
-9
-11
-13
-11
-10
-11
-12
-12
-11
-13
-14
-13
-13
-14
-15
-15
-15
-14
-15
-17
-18
-18
-17
-17
-17
-19
-20
-18
-18
-19
-20
-20
-20
-19
-20
-21
-20
-20
-21
-21
-19
-19
-20
-21
-21
-21
-20
-19
-19
-20
-21
-21
-19
-18
-19
-20
-20
-21
-20
-18
-18
-20
-19
-19
-18
-18
-18
-18
-17
-17
-17
-17
-16
-16
-17
-17
-16
-15
-15
-16
-16
-15
-13
-13
-14
-14
-13
-13
-12
-13
-13
-12
-12
-12
-11
-11
-12
-13
-12
-10
-9
-10
-10
-9
-8
-8
-9
-10
-9
-7
-6
-9
-8
-6
-8
-10
-8
-5
-4
-6
-9
-9
-7
-7
-8
-8
-10
-9
-8
-8
-9
-11
-11
-10
-9
-12
-14
-14
-13
-15
-15
-15
-16
-18
-19
-19
-20
-19
-20
-22
-25
-28
-29
-29
-30
-32
-36
-39
-41
-44
-47
-49
-53
-59
-64
-67
-72
-76
-81
-87
-95
-100
-104
-111
-118
-123
-123
-122
-121
-121
-120
-119
-118
-118
-117
-116
-116
-115
-114
-114
-113
-112
-112
-111
-111
-110
-109
-109
-108
-107
-107
-106
-106
-105
-104
-104
-103
-103
-102
-101
-101
-100
-100
-99
-99
-98
-97
-97
-96
-96
-95
-95
-94
-93
-93
-92
-92
-86
-76
-73
-74
-75
-74
-73
-68
-56
-45
-39
-36
-36
-39
-40
-43
-41
-36
-31
-25
-17
-3
14
33
51
65
77
91
103
111
117
124
127
127
127
127
127
127
127
127
127
127
127
127
127
127
127
127
127
127
127
127
127
127
127
127
127
127
127
127
127
127
127
127
127
127
127
127
127
127
127
127
127
127
127
127
127
127
127
127
127
125
125
124
123
121
119
118
119
119
117
115
115
114
113
112
111
111
109
107
107
107
106
103
102
103
103
102
101
100
100
99
99
99
98
97
96
96
96
95
94
94
91
88
89
90
88
84
84
85
83
82
80
79
79
77
77
76
74
72
72
72
71
68
67
65
65
66
65
63
62
60
57
57
57
54
53
52
52
50
47
46
45
44
42
39
38
37
35
33
34
33
31
28
27
27
24
21
20
22
20
16
14
14
12
10
9
6
4
4
2
0
-2
-3
-5
-5
-5
-6
-8
-7
-6
-8
-8
-7
-6
-6
-7
-5
-3
-2
-3
-4
-2
0
-2
-5
-6
-8
-10
-11
-16
-20
-26
-35
-47
-58
-69
-81
-95
-111
-125
-128
-128
-128
-128
-128
-128
-128
-128
-128
-128
-128
-128
-128
-128
-128
-128
-128
-128
-128
-128
-128
-128
-128
-128
-128
-128
-128
-128
-128
-128
-128
-128
-128
-128
-128
-128
-128
-128
-128
-128
-128
-128
-128
-128
-128
-128
-128
-128
-128
-128
-128
-128
-128
-127
-127
-126
-125
-124
-124
-123
-122
-122
-121
-120
-119
-119
-118
-118
-111
-96
-85
-73
-63
-52
-44
-35
-25
-12
0
9
21
33
48
62
75
87
98
107
114
119
123
123
119
113
110
115
122
124
126
126
126
125
123
126
127
127
127
127
127
127
127
127
127
127
127
127
127
127
127
127
127
127
127
127
127
127
126
126
125
124
124
123
122
121
121
120
119
119
118
117
117
116
115
114
114
113
113
112
111
111
110
109
109
108
107
107
106
106
105
104
104
103
103
102
101
100
96
92
87
81
77
74
72
68
64
59
57
58
59
60
56
53
51
50
50
49
48
47
46
47
50
48
45
44
44
48
51
53
56
58
56
52
49
53
60
60
56
54
60
63
59
57
63
68
66
61
56
47
35
31
37
40
36
33
31
33
34
34
29
23
15
8
6
9
10
8
7
4
3
4
3
1
-3
-4
-1
1
0
-2
-3
-6
-9
-8
-7
-12
-18
-20
-17
-17
-22
-29
-30
-30
-33
-40
-48
-62
-74
-79
-78
-80
-87
-94
-99
-101
-102
-105
-109
-117
-127
-128
-128
-128
-128
-128
-128
-128
-128
-128
-128
-128
-128
-128
-128
-128
-128
-128
-128
-128
-128
-128
-128
-128
-128
-128
-128
-127
-127
-128
-128
-128
-128
-128
-128
-128
-128
-128
-128
-128
-128
-128
-128
-128
-128
-128
-128
-128
-128
-128
-128
-128
-128
-128
-128
-128
-128
-128
-128
-124
-120
-118
-116
-112
-106
-96
-84
-72
-62
-55
-52
-49
-43
-34
-23
-11
0
9
14
19
24
28
30
31
31
31
30
30
30
29
28
24
20
16
11
5
1
0
-3
-7
-11
-13
-14
-17
-20
-20
-18
-14
-10
-6
-1
5
11
19
27
33
39
46
50
53
59
63
64
65
69
70
67
66
68
64
62
66
67
65
64
71
76
77
80
88
91
86
87
98
103
99
103
108
112
114
118
122
122
122
122
121
121
120
119
118
111
112
116
116
115
114
114
113
112
112
111
111
103
92
92
92
88
87
91
93
92
92
92
90
87
88
93
96
96
97
97
98
99
98
98
97
97
96
96
95
95
94
94
93
93
91
92
86
62
56
64
69
67
64
62
60
59
62
67
65
54
39
33
34
30
19
10
9
9
11
14
13
5
-3
-7
-6
-7
-7
-9
-15
-19
-18
-18
-23
-31
-37
-43
-48
-51
-57
-68
-78
-85
-92
-105
-120
-128
-128
-128
-128
-128
-128
-128
-128
-128
-128
-128
-128
-128
-128
-128
-128
-128
-128
-128
-128
-128
-128
-128
-128
-128
-124
-120
-117
-113
-108
-105
-106
-105
-96
-87
-81
-77
-72
-65
-61
-61
-64
-66
-63
-59
-55
-49
-40
-30
-21
-14
-6
3
12
19
23
30
38
44
48
50
54
59
62
63
64
65
66
65
65
66
66
66
64
63
62
61
59
56
52
49
45
40
34
28
21
14
8
3
0
-3
-5
-7
-8
-11
-15
-18
-22
-26
-32
-37
-40
-40
-39
-37
-35
-33
-31
-29
-28
-26
-24
-23
-24
-24
-25
-23
-25
-29
-15
-3
-8
-14
-8
4
5
-1
-5
2
16
17
10
11
17
18
17
19
21
19
15
17
20
19
17
16
19
19
15
13
19
22
14
16
21
12
0
4
12
12
11
6
4
9
11
10
10
8
8
10
13
11
9
8
9
14
17
14
12
19
22
17
14
16
17
18
19
18
18
14
3
-5
-2
0
-6
-9
-10
-11
-10
-6
-5
-11
-15
-14
-13
-11
-13
-15
-16
-17
-20
-21
-19
-14
-14
-13
-12
-13
-12
-12
-9
-11
-10
-8
-7
-7
-8
-2
4
0
-5
-2
0
-2
-3
-1
-5
-14
-23
-27
-27
-27
-28
-29
-32
-33
-33
-37
-40
-39
-35
-32
-35
-36
-35
-35
-37
-36
-35
-33
-30
-31
-32
-33
-31
-31
-31
-28
-29
-30
-27
-26
-32
-36
-29
-25
-25
-28
-28
-21
-21
-28
-29
-26
-23
-28
-33
-32
-27
-27
-30
-30
-27
-26
-32
-38
-42
-45
-50
-54
-54
-54
-56
-60
-64
-65
-64
-64
-64
-65
-65
-64
-65
-68
-70
-69
-68
-68
-67
-65
-62
-60
-58
-55
-51
-46
-41
-37
-31
-25
-18
-13
-7
-1
3
6
8
10
10
8
6
4
3
2
0
-2
-3
-6
-9
-13
-17
-23
-29
-37
-45
-54
-62
-71
-80
-89
-97
-106
-114
-125
-128
-128
-128
-128
-128
-128
-128
-127
-126
-126
-125
-124
-123
-123
-122
-121
-121
-119
-116
-112
-108
-104
-100
-95
-90
-84
-78
-71
-64
-57
-50
-42
-36
-37
-34
-12
1
-12
-19
-6
12
15
9
3
11
29
36
29
31
40
40
40
45
49
45
43
45
46
54
59
53
56
61
55
55
63
57
46
53
62
58
55
60
62
60
60
60
62
62
59
58
64
64
60
64
67
65
68
74
75
74
77
78
81
85
83
83
87
89
89
89
88
88
90
89
86
85
80
68
61
61
60
54
49
46
44
49
56
57
51
45
43
44
46
48
47
45
42
41
45
50
50
50
52
54
54
57
57
53
53
57
59
60
64
68
66
61
55
54
56
55
44
25
15
14
14
15
19
18
9
3
0
-7
-17
-20
-16
-15
-17
-19
-22
-25
-28
-32
-32
-28
-28
-33
-35
-33
-33
-34
-33
-31
-33
-35
-36
-38
-38
-40
-42
-41
-36
-36
-42
-47
-48
-54
-73
-91
-96
-93
-93
-94
-90
-84
-83
-85
-83
-76
-74
-84
-102
-118
-124
-123
-121
-122
-126
-128
-128
-128
-128
-126
-119
-114
-112
-110
-102
-95
-94
-95
-95
-93
-91
-95
-101
-104
-104
-102
-97
-88
-80
-75
-71
-66
-59
-54
-53
-54
-53
-51
-48
-46
-43
-39
-36
-32
-29
-25
-19
-14
-10
-6
-1
6
11
17
22
29
35
41
46
51
57
63
68
72
77
81
86
90
94
98
100
101
101
101
101
100
98
96
95
93
91
89
86
84
82
80
77
74
70
66
62
59
56
54
50
46
43
40
39
37
36
34
32
30
29
27
25
23
21
18
17
16
16
16
16
16
15
15
16
16
16
17
17
17
18
20
21
21
22
22
22
23
23
22
21
21
22
22
20
18
16
14
12
11
10
9
7
5
2
3
4
4
4
4
4
4
4
3
4
5
5
2
1
-6
-10
4
11
0
-7
-4
-2
13
14
-2
4
27
31
24
23
25
29
37
40
43
53
52
53
60
48
22
11
13
9
10
18
16
12
19
29
35
36
28
18
17
11
4
5
3
-5
-5
3
7
12
13
6
4
8
9
12
18
20
24
34
42
45
47
47
49
56
65
72
78
76
63
42
14
-4
-1
7
9
13
21
27
32
39
42
37
26
14
9
6
2
1
3
2
-5
-12
-10
3
12
6
-1
0
1
0
6
14
20
27
34
36
33
35
44
52
55
57
64
66
50
23
-3
-16
-15
-10
-4
3
8
10
16
26
26
17
7
-3
-11
-16
-19
-24
-31
-32
-24
-12
-8
-13
-19
-21
-19
-15
-11
-7
-4
0
7
17
21
19
19
27
36
41
47
51
49
35
10
-20
-34
-29
-23
-21
-16
-9
-6
-1
8
13
9
-2
-14
-20
-23
-28
-32
-35
-39
-41
-36
-26
-19
-20
-24
-26
-23
-21
-19
-16
-10
-6
-1
5
8
7
6
12
19
23
26
31
34
31
17
-5
-25
-31
-29
-27
-28
-27
-24
-20
-14
-7
-2
-3
-9
-15
-19
-22
-26
-35
-42
-44
-43
-40
-32
-23
-19
-23
-26
-22
-19
-18
-19
-17
-12
-11
-12
-11
-10
-9
-9
-10
-10
-10
-10
-12
-14
-14
-12
-11
-12
-14
-14
-13
-13
-15
-17
-20
-23
-27
-28
-28
-27
-27
-28
-29
-30
-30
-29
-28
-29
-29
-27
-26
-25
-25
-25
-26
-26
-26
-26
-25
-24
-22
-21
-20
-18
-17
-15
-16
-16
-16
-16
-16
-15
-14
-12
-10
-9
-8
-6
-4
-3
-4
-6
-7
-8
-9
-10
-11
-12
-13
-15
-15
-14
-13
-13
-13
-13
-13
-12
-11
-12
-13
-13
-13
-13
-13
-14
-13
-13
-13
-12
-12
-12
-11
-10
-10
-10
-9
-7
-7
-7
-4
-2
-2
-2
-1
0
-1
-2
1
4
3
1
4
8
8
4
1
1
0
-5
-9
-9
-9
-11
-14
-15
-16
-19
-29
-28
-13
-11
-22
-25
-20
-21
-28
-33
-34
-37
-42
-36
-27
-32
-41
-38
-30
-31
-31
-26
-22
-22
-19
-12
-9
-14
-15
-8
0
2
6
13
15
17
25
33
27
0
-32
-43
-38
-31
-27
-21
-20
-20
-11
2
5
-3
-16
-24
-26
-29
-31
-39
-50
-50
-34
-16
-15
-26
-35
-37
-36
-33
-29
-27
-25
-18
-10
-5
-5
-4
0
3
7
14
15
12
16
24
29
37
43
30
-2
-31
-38
-28
-20
-21
-19
-14
-10
-1
8
7
-4
-15
-21
-23
-24
-31
-46
-57
-46
-20
-8
-17
-30
-36
-37
-34
-28
-24
-23
-23
-17
-9
-7
-8
-5
0
3
7
13
14
9
9
21
30
32
34
33
15
-19
-39
-34
-23
-24
-25
-18
-13
-11
-4
4
2
-11
-22
-24
-25
-30
-39
-48
-50
-37
-19
-13
-20
-30
-35
-33
-29
-28
-26
-24
-23
-20
-14
-11
-12
-11
-5
2
1
-1
0
2
3
8
18
22
20
22
29
32
17
-11
-29
-29
-21
-18
-15
-12
-12
-11
-4
4
7
1
-9
-15
-15
-16
-24
-36
-40
-29
-14
-8
-12
-20
-23
-23
-22
-19
-15
-12
-12
-12
-10
-5
-8
-10
-7
-3
2
5
4
0
2
6
9
12
10
10
13
12
13
15
17
12
5
1
1
3
5
5
4
2
1
3
6
8
7
5
5
4
1
-1
0
2
1
-1
-3
-5
-5
-5
-7
-9
-9
-10
-14
-16
-16
-15
-17
-21
-26
-27
-26
-27
-32
-34
-35
-36
-38
-39
-38
-37
-38
-39
-39
-37
-37
-38
-40
-40
-39
-39
-38
-36
-34
-32
-29
-25
-22
-18
-15
-12
-9
-5
-3
-2
-1
0
1
2
3
4
4
4
5
8
11
12
13
16
18
20
19
20
19
18
14
4
7
21
15
-6
-4
14
10
-12
-16
-3
-2
-13
-9
-1
-9
-16
-8
3
-1
-6
0
7
3
2
8
10
5
8
16
17
11
4
-3
-10
-14
-16
-16
-18
-21
-20
-18
-17
-17
-20
-24
-23
-20
-20
-22
-24
-27
-28
-26
-23
-21
-22
-22
-19
-17
-17
-16
-14
-12
-10
-8
-6
-4
-4
-1
5
10
12
15
18
22
28
31
30
33
41
44
46
50
55
60
59
43
28
24
25
31
39
39
40
45
49
53
53
42
31
31
32
31
35
40
37
34
35
39
38
34
35
38
37
38
39
37
35
40
45
48
48
48
49
51
55
58
58
59
61
63
68
72
68
67
72
73
71
76
80
79
72
57
43
38
36
41
46
41
37
42
46
44
39
32
30
25
19
21
26
24
22
23
21
21
22
21
18
17
19
21
18
15
18
22
23
25
24
24
27
29
30
31
32
33
34
33
33
35
38
39
39
40
41
44
47
48
41
25
13
9
6
4
7
8
4
4
9
10
3
-4
-6
-8
-16
-23
-24
-20
-18
-20
-23
-25
-27
-27
-26
-28
-28
-27
-27
-29
-29
-27
-24
-22
-22
-23
-22
-19
-17
-17
-16
-14
-11
-11
-11
-9
-7
-7
-6
-1
1
-3
-4
1
4
2
-3
-14
-26
-32
-34
-37
-38
-39
-37
-35
-34
-32
-28
-27
-30
-30
-28
-26
-23
-18
-14
-14
-13
-9
-6
-5
-4
-1
1
2
2
3
5
5
5
8
11
13
14
15
19
22
23
26
29
29
28
30
34
36
36
39
40
40
40
42
45
43
40
42
46
43
35
28
27
27
23
20
20
19
16
14
15
14
10
7
7
6
4
4
5
4
1
-1
0
2
0
-1
0
1
0
-1
0
0
1
2
5
8
9
9
11
13
15
17
19
19
19
20
21
23
23
24
24
25
27
28
28
30
31
32
33
34
35
36
35
36
36
34
30
29
29
29
27
25
24
21
18
16
15
12
8
5
3
1
-2
-6
-9
-12
-16
-19
-21
-25
-29
-33
-36
-41
-47
-52
-59
-66
-71
-78
-85
-92
-96
-95
-91
-85
-84
-85
-81
-75
-67
-59
-51
-46
-44
-41
-42
-50
-60
-70
-79
-84
-86
-88
-89
-87
-84
-84
-84
-83
-82
-79
-78
-78
-78
-78
-78
-79
-79
-79
-78
-78
-79
-78
-77
-74
-71
-67
-64
-61
-56
-52
-48
-45
-42
-38
-33
-30
-26
-22
-18
-13
-9
-6
-1
3
6
9
11
12
15
17
18
21
23
22
23
23
23
24
25
26
25
23
22
21
21
21
19
15
9
4
2
2
0
-4
-8
-10
-9
-6
-6
-6
-5
-4
-2
-1
0
1
3
5
8
9
11
14
16
19
22
24
27
30
32
35
38
41
43
45
49
52
53
53
55
56
59
61
59
61
64
63
61
61
61
61
61
60
59
59
57
55
53
54
53
49
45
41
36
33
33
30
27
25
23
22
20
19
17
15
16
15
13
12
11
10
10
10
11
10
10
11
11
11
12
11
13
14
15
16
16
16
18
19
20
20
19
20
22
22
21
22
21
18
18
19
19
19
18
17
14
12
14
14
10
9
7
3
2
-1
-4
-7
-10
-13
-17
-19
-20
-24
-28
-31
-34
-37
-39
-41
-44
-46
-47
-49
-53
-56
-58
-60
-62
-63
-66
-69
-70
-69
-69
-70
-69
-68
-68
-67
-67
-67
-65
-61
-57
-55
-52
-48
-45
-42
-37
-32
-27
-23
-21
-19
-15
-10
-6
-2
0
1
4
9
10
8
10
13
14
13
10
10
11
11
11
10
10
12
12
10
9
9
9
8
7
8
8
7
7
8
8
9
9
10
11
11
11
10
11
12
12
12
12
12
13
13
13
13
14
14
14
14
16
16
16
16
15
17
19
19
19
23
27
26
25
27
28
29
33
33
30
29
31
31
29
30
30
27
25
26
25
24
23
22
20
18
16
13
10
8
7
4
1
0
-3
-5
-8
-11
-12
-12
-10
-11
-12
-13
-12
-12
-12
-11
-10
-11
-9
-9
-10
-10
-8
-6
-4
-2
-3
-3
-3
0
1
2
4
6
7
8
9
10
12
13
15
16
17
19
20
20
19
20
23
25
23
22
24
25
24
24
23
23
24
24
22
22
24
22
21
22
22
22
22
21
20
20
21
20
20
21
20
19
19
20
20
19
18
17
17
18
20
19
17
17
18
18
19
19
20
20
21
20
19
21
24
25
24
25
25
26
27
28
28
30
31
31
30
31
31
31
32
33
32
32
32
31
30
31
33
33
32
32
31
30
30
30
30
30
30
29
27
27
27
27
26
25
24
22
22
21
20
20
21
20
18
17
16
16
16
16
15
15
15
14
14
13
12
12
13
13
12
11
10
10
9
9
9
8
8
7
6
5
4
4
4
3
1
-1
-1
-1
-2
-4
-5
-6
-7
-7
-8
-10
-10
-12
-13
-13
-13
-14
-15
-15
-16
-16
-16
-17
-18
-19
-19
-19
-19
-20
-21
-20
-19
-20
-21
-22
-21
-20
-20
-21
-21
-20
-20
-20
-20
-20
-20
-19
-19
-20
-20
-20
-20
-20
-20
-19
-19
-19
-20
-20
-17
-16
-17
-18
-18
-17
-16
-17
-17
-16
-16
-15
-15
-15
-15
-14
-14
-14
-14
-13
-12
-12
-12
-13
-12
-11
-10
-11
-11
-10
-9
-10
-10
-9
-8
-7
-8
-8
-8
-7
-6
-6
-5
-5
-5
-5
-5
-4
-3
-3
-3
-4
-3
-2
-2
-2
-3
-3
-3
-2
-1
-2
-2
-2
-2
-1
-1
-1
-2
-2
-1
-1
-2
-2
-2
-2
-2
-2
-3
-3
-3
-3
-4
-4
-4
-4
-4
-4
-4
-5
-5
-5
-5
-6
-5
-6
-6
-6
-7
-7
-8
-8
-8
-8
-8
-8
-9
-10
-10
-10
-10
-10
-10
-11
-10
-11
-11
-12
-12
-12
-12
-12
-12
-13
-13
-13
-13
-13
-13
-14
-14
-14
-14
-14
-14
-14
-14
-14
-14
-15
-15
-15
-15
-15
-15
-16
-15
-15
-15
-15
-15
-15
-15
-15
-15
-16
-16
-15
-15
-15
-15
-15
-15
-15
-15
-15
-15
-15
-15
-15
-15
-15
-15
-15
-15
-14
-14
-14
-14
-14
-14
-14
-14
-14
-14
-13
-13
-13
-13
-13
-12
-12
-12
-12
-12
-12
-11
-12
-11
-11
-10
-10
-10
-11
-10
-9
-9
-9
-10
-9
-9
-9
-9
-8
-8
-8
-8
-8
-8
-8
-8
-8
-8
-7
-7
-7
-7
-7
-6
-6
-6
-6
-6
-5
-5
-5
-5
-5
-5
-5
-5
-5
-4
-4
-4
-4
-5
-4
-4
-4
-4
-4
-4
-4
-4
-4
-4
-4
-4
-4
-4
-4
-4
-4
-4
-4
-4
-4
-5
-5
-5
-5
-4
-4
-5
-5
-5
-5
-5
-5
-5
-5
-5
-6
-6
-6
-6
-6
-6
-6
-6
-6
-7
-7
-7
-7
-7
-7
-7
-7
-7
-7
-7
-7
-7
-7
-7
-8
-7
-7
-7
-7
-7
-7
-8
-8
-7
-7
-7
-7
-7
-7
-7
-7
-7
-7
-7
-7
-7
-7
-7
-7
-7
-7
-7
-7
-7
-7
-7
-7
-7
-6
-6
